Количество продаж
Год Проц Плата Память Жесткие диски
2018 17 10 50 45
2017 20 10 50 39
2016 20 79 50 38
2015 18 80 5 38
2014 19 58 48 36
2013 22 52 45 31
2012 21 51 43 26
2011 17 49 3 19
2010 20 38 33 11
2009 19 39 30 65
2008 20 41 2 44
2007 21 40 24 30
2906 20 31 18 22
2005 19 27 14 12
2004 20 26 10 55
2003 18 19 89 31
2002 23 16 60 16
2001 22 10 5 76
2000 21 9 47 60
1999 19 5 3 30
1998 17 45 3 35
1997 17 30 2 18
1996 21 2 20 12
1995 21 15 20 7
1994 19 9 18 7
1993 17 6 16 3
1992 17 28 15 4
1991 14 10 14 1
1990 17 2 14 1